             0      1      2      3      4      5      6      7      8      9

      0      1      0      3      1      8      0      0      0      0      2
     10      3      2      2      1      6      2      0      1      0      2
     20      0      2      0      3      5      4      3      1      0      0
     30      0      1      1      0      4      2      0      0      1      0
     40      1      1      2      0      2      7      4      4      1      1
     50      0      1      3      1      0      3      0      0      0      2
     60      1      0      1      2      1      0      0      0      1      0
     70      4      0      0      0      2      0      1      1      1      0
     80      0      1      1      1      3      0      0      0      0      0
     90      1      0      0      0      3      2      4      1      0      0
    100      0      4      0      2      0      0      0      0      0      1
    110      1      3      1      2      1      1      0      0      1      0
    120      2      6      2      5      3      2      1      0      4      1
    130      4      2      2      0      0      0      2      0      1      2
    140      4      3      0      3      3      2      0      0      0      0
    150      0      3      1      3      6      3      2      0      8      5
    160      2      0      0      1      0      1      0      0      6      0
    170      0      0      2      1      0      0      0      3      1      0
    180      6      2      0      1      1      3      4      3      0      0
    190      5      0      1      1      0      0      2      4      2      1
    200      0      4      1      0      4      1      0      2      1      1
    210      0      1      0      1      0      0      1      0      2      0
    220      0      0      0      1      1      3      3      2      1      3
    230      4      5      2      3      0      3      2      1      3      2
    240      0      1      1      1      1      0      5      0      0      0
    250      2      0      3      1      1      1      2      2      1      1
    260      0     16      1      3      0      1      0      4      7      3
    270      1      0      8      1      1      1      2      0      1      4
    280      1      1      2      0      3      4      1      0      0      1
    290      3      0      3      1      2      0      0      2      0      2
    300      0      1      0      1      1      0      2      3      1      4
    310      0      0      0      0      2      0      3      0      0      0
    320      0      1      1      0      0      3      0      0      2      1
    330      1      3      5      0      2      1      2      4      5      5
    340      0      3      1      0      2      0      4      0      1      3
    350      0      0      0      0      5      0      2      0      4      0
    360      0      3      0      2      0      0      0      0      0      0
    370      0      0      2      3      3      0      0      0      1      3
    380      0      2      6      0      4      5      1      5      6      1
    390      0      4      0      2      1      4      8      0      0      1
    400      6      2      7      0      4      4      0      0      2      1
    410      2      0      0      1      1      2      0      0      6      0
    420      0      3      1      0      4      0      2      9      1      8
    430      5      3      4      2      0      1      7      0      0      1
    440      1      0      5      0      2      3      0      5      2      0
    450      1      0      0      0      0      1      1      3      0      0
    460      5      2      3      3      0      6      3      0      1      0
    470      1      1      0      0      1      0      1     11      1      0
    480      0      0      0      2      0      1      0      1      1      0
    490      2      0      0      0      0      0      0      0      2      1
    500      0      0      0      0      1      0      1      1      3      0
    510      0      0      0      0      0      0      1      0      0      0
    520      0      0      0      0      0      NA     NA     NA     NA    NA
